46
NULL 0 Common 0
Joined 7 0,255,0,255,0,0,0,0,0,0 Latin 1 0 1 Joined	# Joined [4a 6f 69 6e 65 64 ]a
|Broken|0|1 15 0,255,0,255,0,0,0,0,0,0 Common 2 10 2 |Broken|0|1	# Broken
د 1 0,255,0,255,0,0,0,0,0,0 Arabic 3 13 3 د	# د [62f ]x
ن 1 0,255,0,255,0,0,0,0,0,0 Arabic 4 13 4 ن	# ن [646 ]x
ژ 1 0,255,0,255,0,0,0,0,0,0 Arabic 5 13 5 ژ	# ژ [698 ]x
ٔ 0 0,255,0,255,0,0,0,0,0,0 Inherited 6 17 6 ٔ	# ٔ [654 ]
ہ 1 0,255,0,255,0,0,0,0,0,0 Arabic 7 13 7 ہ	# ہ [6c1 ]x
ت 1 0,255,0,255,0,0,0,0,0,0 Arabic 8 13 8 ت	# ت [62a ]x
ر 1 0,255,0,255,0,0,0,0,0,0 Arabic 9 13 9 ر	# ر [631 ]x
ٲ 1 0,255,0,255,0,0,0,0,0,0 Arabic 10 13 10 ٲ	# ٲ [672 ]x
خ 1 0,255,0,255,0,0,0,0,0,0 Arabic 11 13 11 خ	# خ [62e ]x
ک 1 0,255,0,255,0,0,0,0,0,0 Arabic 12 13 12 ک	# ک [6a9 ]x
و 1 0,255,0,255,0,0,0,0,0,0 Arabic 13 13 13 و	# و [648 ]x
ز 1 0,255,0,255,0,0,0,0,0,0 Arabic 14 13 14 ز	# ز [632 ]x
ٕ 0 0,255,0,255,0,0,0,0,0,0 Inherited 15 17 15 ٕ	# ٕ [655 ]
ۄ 1 0,255,0,255,0,0,0,0,0,0 Arabic 16 13 16 ۄ	# ۄ [6c4 ]x
ب 1 0,255,0,255,0,0,0,0,0,0 Arabic 17 13 17 ب	# ب [628 ]x
ی 1 0,255,0,255,0,0,0,0,0,0 Arabic 18 13 18 ی	# ی [6cc ]x
س 1 0,255,0,255,0,0,0,0,0,0 Arabic 19 13 19 س	# س [633 ]x
َ 0 0,255,0,255,0,0,0,0,0,0 Inherited 20 17 20 َ	# َ [64e ]
ا 1 0,255,0,255,0,0,0,0,0,0 Arabic 21 13 21 ا	# ا [627 ]x
ظ 1 0,255,0,255,0,0,0,0,0,0 Arabic 22 13 22 ظ	# ظ [638 ]x
ص 1 0,255,0,255,0,0,0,0,0,0 Arabic 23 13 23 ص	# ص [635 ]x
ۍ 1 0,255,0,255,0,0,0,0,0,0 Arabic 24 13 24 ۍ	# ۍ [6cd ]x
ھ 1 0,255,0,255,0,0,0,0,0,0 Arabic 25 13 25 ھ	# ھ [6be ]x
چ 1 0,255,0,255,0,0,0,0,0,0 Arabic 26 13 26 چ	# چ [686 ]x
ُ 0 0,255,0,255,0,0,0,0,0,0 Inherited 27 17 27 ُ	# ُ [64f ]
ل 1 0,255,0,255,0,0,0,0,0,0 Arabic 28 13 28 ل	# ل [644 ]x
م 1 0,255,0,255,0,0,0,0,0,0 Arabic 29 13 29 م	# م [645 ]x
ق 1 0,255,0,255,0,0,0,0,0,0 Arabic 30 13 30 ق	# ق [642 ]x
ئ 1 0,255,0,255,0,0,0,0,0,0 Arabic 31 13 31 ئ	# ئ [626 ]x
ذ 1 0,255,0,255,0,0,0,0,0,0 Arabic 32 13 32 ذ	# ذ [630 ]x
ش 1 0,255,0,255,0,0,0,0,0,0 Arabic 33 13 33 ش	# ش [634 ]x
؟ 16 0,255,0,255,0,0,0,0,0,0 Common 34 13 34 ؟	# ؟ [61f ]p
ٚ 0 0,255,0,255,0,0,0,0,0,0 Arabic 35 17 35 ٚ	# ٚ [65a ]
ه 1 0,255,0,255,0,0,0,0,0,0 Arabic 36 13 36 ه	# ه [647 ]x
ٹ 1 0,255,0,255,0,0,0,0,0,0 Arabic 37 13 37 ٹ	# ٹ [679 ]x
پ 1 0,255,0,255,0,0,0,0,0,0 Arabic 38 13 38 پ	# پ [67e ]x
ِ 0 0,255,0,255,0,0,0,0,0,0 Inherited 39 17 39 ِ	# ِ [650 ]
گ 1 0,255,0,255,0,0,0,0,0,0 Arabic 40 13 40 گ	# گ [6af ]x
آ 1 0,255,0,255,0,0,0,0,0,0 Arabic 41 13 41 آ	# آ [622 ]x
ے 1 0,255,0,255,0,0,0,0,0,0 Arabic 42 13 42 ے	# ے [6d2 ]x
ح 1 0,255,0,255,0,0,0,0,0,0 Arabic 43 13 43 ح	# ح [62d ]x
ج 1 0,255,0,255,0,0,0,0,0,0 Arabic 44 13 44 ج	# ج [62c ]x
ٛ 0 0,255,0,255,0,0,0,0,0,0 Arabic 45 17 45 ٛ	# ٛ [65b ]
